0 0.608810 0.461681 0.180315 0.134969
0 0.615427 0.466973 0.180318 0.134964
0 0.617494 0.470944 0.180318 0.134969
0 0.619562 0.474913 0.180318 0.134969
0 0.622871 0.480208 0.180318 0.134969
0 0.625352 0.484839 0.180318 0.134964
0 0.627833 0.489471 0.180315 0.134969
0 0.629901 0.492781 0.180315 0.134964
0 0.631968 0.496089 0.180315 0.134964
0 0.636105 0.501382 0.180318 0.134969
0 0.637345 0.501384 0.180315 0.134964
0 0.638587 0.509324 0.180315 0.134969
0 0.642722 0.514616 0.180315 0.134964
0 0.644789 0.513292 0.180315 0.134969
0 0.648511 0.522556 0.180315 0.134969
0 0.649339 0.521895 0.180318 0.134969
0 0.653474 0.529174 0.180318 0.134964
0 0.656783 0.535790 0.180318 0.134964
0 0.657610 0.535129 0.180315 0.134964
0 0.661745 0.545056 0.180315 0.134969
0 0.661332 0.543732 0.180315 0.134964
0 0.665882 0.550348 0.180318 0.134964
0 0.669189 0.555643 0.180315 0.134964
0 0.670017 0.554980 0.180318 0.134969
0 0.675806 0.564906 0.180318 0.134964
0 0.675806 0.564906 0.180318 0.134964
0 0.680770 0.570201 0.180318 0.134964
0 0.682423 0.576817 0.180315 0.134964
0 0.687387 0.584757 0.180315 0.134969
0 0.686974 0.584757 0.180315 0.134969
0 0.689867 0.590051 0.180315 0.134969
0 0.694831 0.597991 0.180315 0.134964
0 0.694831 0.596007 0.180315 0.134969
0 0.698139 0.601962 0.180318 0.134969
0 0.703101 0.608578 0.180315 0.134969
0 0.703929 0.609241 0.180318 0.134964
0 0.708892 0.616520 0.180318 0.134969
0 0.710545 0.616078 0.180315 0.134969
0 0.708891 0.616299 0.180315 0.134964
0 0.713855 0.627107 0.180315 0.134964
0 0.715509 0.632400 0.180315 0.134969
0 0.718817 0.636371 0.180318 0.134964
0 0.718817 0.634386 0.180318 0.134969
0 0.723781 0.642989 0.180318 0.134969
0 0.724194 0.641663 0.180318 0.134969
0 0.724608 0.648281 0.180315 0.134964
0 0.731225 0.656221 0.180318 0.134969
0 0.735360 0.660192 0.180318 0.134964
0 0.733705 0.658205 0.180318 0.134964
0 0.738669 0.669455 0.180318 0.134964
0 0.740737 0.668132 0.180318 0.134969
0 0.744459 0.677395 0.180318 0.134969
0 0.745286 0.680042 0.180315 0.134969
0 0.748594 0.679379 0.180318 0.134964
0 0.751903 0.689306 0.180318 0.134969
0 0.752730 0.688645 0.180315 0.134969
0 0.755211 0.698569 0.180315 0.134969
0 0.759347 0.701217 0.180318 0.134969
0 0.763482 0.705187 0.180318 0.134964
0 0.762242 0.704525 0.180315 0.134969
0 0.770926 0.719743 0.180318 0.134969
0 0.770926 0.718422 0.180318 0.134969
0 0.775889 0.726362 0.180315 0.134964
0 0.777543 0.729007 0.180315 0.134969
0 0.779198 0.731654 0.180315 0.134969
0 0.780852 0.734301 0.180315 0.134969
0 0.780438 0.733641 0.180318 0.134969
0 0.786642 0.740920 0.180315 0.134964
0 0.787055 0.742904 0.180315 0.134969
0 0.789124 0.752828 0.180318 0.134969
0 0.794086 0.754154 0.180315 0.134969
0 0.798221 0.759446 0.180315 0.134964
0 0.800289 0.763417 0.180315 0.134969
0 0.802358 0.767386 0.180318 0.134969
0 0.804838 0.771357 0.180318 0.134964
0 0.807320 0.775328 0.180315 0.134969
0 0.809802 0.779297 0.180318 0.134969
0 0.812282 0.783931 0.180318 0.134969
0 0.814764 0.788560 0.180315 0.134969
0 0.817659 0.792531 0.180318 0.134964
0 0.820554 0.796502 0.180315 0.134969
0 0.822208 0.800471 0.180315 0.134969
0 0.828825 0.808413 0.180318 0.134969
0 0.830479 0.810397 0.180315 0.134964
0 0.832133 0.812382 0.180315 0.134969
0 0.832960 0.819000 0.180318 0.134964
0 0.833375 0.817676 0.180315 0.134969
0 0.838751 0.826940 0.180315 0.134969
0 0.838751 0.825616 0.180315 0.134964
0 0.845368 0.834882 0.180318 0.134969
0 0.843299 0.836866 0.180315 0.134964
0 0.849503 0.844145 0.180318 0.134969
0 0.851158 0.849437 0.180318 0.134964
0 0.854467 0.852085 0.180318 0.134964
0 0.855707 0.854732 0.180315 0.134964
0 0.856948 0.857379 0.180318 0.134964
0 0.861084 0.863996 0.180315 0.134964
0 0.864393 0.867967 0.180315 0.134969
0 0.865633 0.870614 0.180318 0.134969
0 0.866874 0.873259 0.180315 0.134964
0 0.871837 0.878554 0.180315 0.134964
0 0.872250 0.880538 0.180315 0.134969
0 0.877627 0.882525 0.180315 0.134969
0 0.879282 0.875906 0.180315 0.134964
0 0.883417 0.873259 0.180315 0.134964
0 0.888380 0.862672 0.180315 0.134969
0 0.887966 0.862672 0.180318 0.134969
0 0.887553 0.862672 0.180318 0.134969
0 0.893343 0.854732 0.180318 0.134964
0 0.894170 0.850761 0.180315 0.134969
0 0.895410 0.848777 0.180318 0.134964
0 0.896650 0.846792 0.180315 0.134969
0 0.902441 0.838850 0.180318 0.134969
0 0.904095 0.836866 0.180315 0.134964
0 0.905749 0.834882 0.180315 0.134969
0 0.906576 0.821647 0.180318 0.134964
0 0.906164 0.819663 0.180318 0.134969
0 0.905749 0.817676 0.180315 0.134969
0 0.902027 0.811721 0.180315 0.134969
0 0.898305 0.805766 0.180315 0.134969
0 0.896652 0.803781 0.180318 0.134964
0 0.894997 0.801797 0.180318 0.134969
0 0.891688 0.797826 0.180318 0.134964
0 0.886726 0.788563 0.180315 0.134964
0 0.885898 0.786578 0.180318 0.134969
0 0.885071 0.784592 0.180315 0.134969
0 0.883004 0.781283 0.180315 0.134969
0 0.880936 0.777975 0.180315 0.134969
0 0.875972 0.772681 0.180315 0.134969
0 0.874318 0.767388 0.180315 0.134964
0 0.875146 0.767388 0.180315 0.134964
0 0.869355 0.759449 0.180318 0.134969
0 0.866875 0.756138 0.180318 0.134964
0 0.864393 0.752830 0.180315 0.134964
0 0.860258 0.747536 0.180315 0.134964
0 0.855294 0.739596 0.180315 0.134969
0 0.853640 0.736949 0.180315 0.134969
0 0.851987 0.734301 0.180318 0.134969
0 0.853227 0.736288 0.180315 0.134969
0 0.849505 0.727685 0.180315 0.134969
0 0.849092 0.723054 0.180315 0.134964
0 0.842061 0.718422 0.180315 0.134969
0 0.841648 0.717759 0.180315 0.134964
0 0.837926 0.709158 0.180315 0.134969
0 0.834616 0.707835 0.180315 0.134964
0 0.832549 0.703203 0.180315 0.134969
0 0.830481 0.698569 0.180315 0.134969
0 0.827999 0.694600 0.180318 0.134969
0 0.825518 0.690629 0.180315 0.134964
0 0.821795 0.685998 0.180315 0.134969
0 0.818073 0.681366 0.180315 0.134964
0 0.818073 0.677395 0.180315 0.134969
0 0.814766 0.673426 0.180318 0.134969
0 0.812284 0.669455 0.180315 0.134964
0 0.809803 0.665484 0.180315 0.134969
0 0.806494 0.660192 0.180315 0.134964
0 0.800705 0.652252 0.180315 0.134969
0 0.800705 0.649605 0.180315 0.134969
0 0.800705 0.646958 0.180315 0.134969
0 0.795741 0.642989 0.180315 0.134969
0 0.791606 0.636371 0.180315 0.134964
0 0.791744 0.635931 0.180318 0.134969
0 0.791882 0.635489 0.180315 0.134969
0 0.785816 0.627107 0.180315 0.134964
0 0.786642 0.625123 0.180315 0.134969
0 0.777545 0.615196 0.180318 0.134964
0 0.777545 0.612549 0.180318 0.134964
0 0.777545 0.609902 0.180318 0.134964
0 0.776717 0.609902 0.180315 0.134964
0 0.769273 0.601962 0.180315 0.134969
0 0.767619 0.597993 0.180315 0.134969
0 0.765964 0.594022 0.180315 0.134964
0 0.763069 0.589391 0.180318 0.134969
0 0.760174 0.584759 0.180315 0.134964
0 0.755212 0.576819 0.180318 0.134969
0 0.753970 0.574833 0.180318 0.134969
0 0.752730 0.572848 0.180315 0.134964
0 0.747768 0.564908 0.180318 0.134969
0 0.746528 0.562261 0.180315 0.134969
0 0.745286 0.559614 0.180315 0.134969
0 0.738669 0.551672 0.180318 0.134969
0 0.738669 0.549688 0.180318 0.134964
0 0.738669 0.547703 0.180318 0.134969
0 0.732052 0.539761 0.180315 0.134969
0 0.730398 0.537777 0.180315 0.134964
0 0.728744 0.535792 0.180318 0.134969
0 0.726263 0.531821 0.180315 0.134964
0 0.724195 0.527850 0.180315 0.134969
0 0.722128 0.523882 0.180315 0.134969
0 0.718818 0.518587 0.180315 0.134969
0 0.713856 0.509324 0.180318 0.134969
0 0.712201 0.507118 0.180318 0.134969
0 0.710547 0.504913 0.180318 0.134969
0 0.708892 0.502708 0.180318 0.134969
0 0.705585 0.497413 0.180315 0.134969
0 0.701448 0.491458 0.180318 0.134969
0 0.697313 0.485502 0.180318 0.134969
0 0.696900 0.483518 0.180318 0.134964
0 0.696486 0.481533 0.180315 0.134969
0 0.694005 0.476239 0.180315 0.134969
0 0.691523 0.472931 0.180318 0.134969
0 0.689042 0.469623 0.180315 0.134969
0 0.686147 0.464989 0.180318 0.134969
0 0.683252 0.460357 0.180315 0.134964
0 0.679117 0.455065 0.180315 0.134969
0 0.677049 0.451094 0.180315 0.134964
0 0.674980 0.447123 0.180318 0.134969
0 0.672499 0.443815 0.180315 0.134969
0 0.670018 0.440507 0.180315 0.134969
0 0.667536 0.435212 0.180318 0.134969
0 0.666709 0.431243 0.180315 0.134969
0 0.662987 0.427272 0.180315 0.134964
0 0.659265 0.423301 0.180315 0.134969
0 0.657612 0.420654 0.180318 0.134969
0 0.655957 0.418007 0.180318 0.134969
0 0.650995 0.408743 0.180315 0.134969
0 0.646858 0.406098 0.180318 0.134964
0 0.644376 0.402127 0.180315 0.134969
0 0.641896 0.398156 0.180315 0.134964
0 0.639414 0.392864 0.180318 0.134969
0 0.636932 0.390217 0.180315 0.134969
0 0.631143 0.380953 0.180315 0.134969
0 0.632383 0.378967 0.180318 0.134969
0 0.630315 0.376982 0.180318 0.134964
0 0.627833 0.373011 0.180315 0.134969
0 0.627420 0.371027 0.180315 0.134964
0 0.622044 0.363748 0.180315 0.134969
0 0.619563 0.358453 0.180315 0.134969
0 0.619563 0.359777 0.180315 0.134964
0 0.614600 0.350513 0.180315 0.134964
0 0.611705 0.347205 0.180318 0.134964
0 0.608810 0.343897 0.180315 0.134964
0 0.605501 0.338603 0.180315 0.134964
0 0.603020 0.334632 0.180315 0.134969
0 0.600951 0.331324 0.180318 0.134969
0 0.598884 0.328016 0.180318 0.134969
0 0.597229 0.325368 0.180318 0.134969
0 0.595576 0.322723 0.180315 0.134964
0 0.592267 0.314783 0.180315 0.134969
0 0.589787 0.309489 0.180315 0.134969
0 0.586477 0.305518 0.180315 0.134964
0 0.579033 0.296254 0.180315 0.134964
0 0.578620 0.294270 0.180315 0.134969
0 0.578206 0.292283 0.180318 0.134969
0 0.574898 0.288315 0.180315 0.134969
0 0.569934 0.280375 0.180315 0.134964
0 0.568694 0.279051 0.180318 0.134969
0 0.567453 0.277728 0.180318 0.134964
0 0.567040 0.276404 0.180318 0.134969
0 0.563318 0.267141 0.180318 0.134969
0 0.560008 0.263833 0.180318 0.134969
0 0.556701 0.260525 0.180315 0.134969
0 0.555046 0.256554 0.180315 0.134964
0 0.553806 0.256554 0.180318 0.134964
0 0.549256 0.248612 0.180315 0.134964
0 0.546775 0.243980 0.180318 0.134969
0 0.544294 0.239348 0.180318 0.134964
0 0.541399 0.235377 0.180315 0.134969
0 0.538503 0.231408 0.180315 0.134969
0 0.536023 0.228761 0.180315 0.134969
0 0.533955 0.223467 0.180315 0.134969
0 0.531888 0.218174 0.180315 0.134964
0 0.528578 0.214203 0.180315 0.134969
0 0.525269 0.210234 0.180315 0.134969
0 0.521961 0.204940 0.180318 0.134969
0 0.519480 0.200969 0.180315 0.134964
0 0.516999 0.197000 0.180315 0.134964
0 0.512035 0.189060 0.180315 0.134969
0 0.510795 0.186413 0.180318 0.134969
0 0.509555 0.183766 0.180315 0.134969
0 0.507073 0.180458 0.180318 0.134969
0 0.504591 0.177150 0.180315 0.134969
0 0.499629 0.167884 0.180318 0.134964
0 0.497974 0.165900 0.180318 0.134969
0 0.496320 0.163913 0.180318 0.134969
0 0.494667 0.161268 0.180315 0.134964
0 0.494252 0.159944 0.180318 0.134969
0 0.490530 0.150681 0.180318 0.134969
0 0.487222 0.146710 0.180315 0.134964
0 0.483913 0.142739 0.180315 0.134969
0 0.480605 0.138770 0.180318 0.134969
0 0.478951 0.134799 0.180318 0.134964
0 0.478951 0.134799 0.180318 0.134964
0 0.473989 0.126859 0.180315 0.134969
0 0.470679 0.121565 0.180315 0.134969
0 0.468199 0.117596 0.180315 0.134969
0 0.465717 0.117596 0.180318 0.134969
0 0.463235 0.117596 0.180315 0.134969
0 0.460755 0.122888 0.180315 0.134964
0 0.460755 0.122225 0.180315 0.134969
0 0.454138 0.134799 0.180318 0.134964
0 0.453585 0.134799 0.180318 0.134964
0 0.453034 0.134799 0.180315 0.134964
0 0.447521 0.142739 0.180315 0.134969
0 0.445039 0.147371 0.180318 0.134964
0 0.442557 0.152002 0.180315 0.134969
0 0.439249 0.157297 0.180318 0.134969
0 0.434287 0.165237 0.180315 0.134964
0 0.432633 0.167223 0.180315 0.134964
0 0.430978 0.169208 0.180315 0.134969
