0 0.470418 0.661014 0.605602 0.344833
0 0.471496 0.659868 0.618539 0.365903
0 0.467727 0.661014 0.621766 0.348667
0 0.469883 0.663694 0.619609 0.346750
0 0.471500 0.658042 0.622844 0.350389
0 0.470422 0.664750 0.620688 0.348861
0 0.472039 0.661014 0.623922 0.344833
0 0.474730 0.662931 0.622852 0.348667
0 0.473117 0.653354 0.626078 0.367819
0 0.474730 0.664847 0.629305 0.352500
0 0.474191 0.663889 0.628227 0.369722
0 0.474730 0.664847 0.629305 0.352500
0 0.475270 0.664847 0.628227 0.352500
0 0.476348 0.660056 0.634695 0.354417
0 0.475809 0.662931 0.633617 0.348667
0 0.478504 0.661014 0.636852 0.352500
0 0.477426 0.662833 0.639008 0.356139
0 0.479043 0.661014 0.635773 0.356333
0 0.478504 0.661972 0.641164 0.354417
0 0.478504 0.664840 0.641164 0.363986
0 0.477426 0.662924 0.643320 0.360153
0 0.479582 0.663889 0.643320 0.354417
0 0.478504 0.660062 0.645477 0.362069
0 0.479039 0.659097 0.646547 0.367806
0 0.480656 0.659104 0.645469 0.360153
0 0.478500 0.661972 0.649781 0.362056
0 0.478500 0.662931 0.651938 0.367806
0 0.479578 0.661014 0.651937 0.363972
0 0.480117 0.658049 0.653016 0.365708
0 0.479578 0.659104 0.656250 0.360153
0 0.479039 0.660924 0.655172 0.359958
0 0.479039 0.660062 0.659484 0.358236
0 0.479578 0.658139 0.664875 0.377389
0 0.476887 0.661014 0.663789 0.363972
0 0.479578 0.659097 0.664875 0.375472
0 0.478504 0.658139 0.667023 0.369722
0 0.479043 0.660056 0.668102 0.365889
0 0.477426 0.661014 0.669180 0.371639
0 0.477965 0.659097 0.670258 0.367806
0 0.478504 0.657181 0.673492 0.371639
0 0.478504 0.658139 0.675648 0.369722
0 0.477426 0.659965 0.675648 0.369542
0 0.477965 0.659965 0.676727 0.369542
0 0.477961 0.658139 0.681031 0.381222
0 0.477961 0.658139 0.683188 0.377389
0 0.477422 0.659097 0.684266 0.375472
0 0.478500 0.658139 0.686422 0.377389
0 0.478500 0.656222 0.686422 0.377389
0 0.479039 0.658139 0.689656 0.381222
0 0.480117 0.656222 0.689656 0.381222
0 0.480117 0.656222 0.693969 0.381222
0 0.478504 0.655264 0.697195 0.379306
0 0.478504 0.652389 0.697195 0.385056
0 0.479043 0.651431 0.698273 0.390806
0 0.480660 0.654208 0.701508 0.385250
0 0.480121 0.653347 0.704742 0.390806
0 0.481734 0.654208 0.705812 0.385250
0 0.480656 0.657083 0.705813 0.391000
0 0.480656 0.652389 0.710125 0.385056
0 0.480656 0.651431 0.712281 0.390806
0 0.482812 0.653347 0.712281 0.386972
0 0.483352 0.649521 0.715516 0.394625
0 0.483352 0.646646 0.719828 0.404208
0 0.483891 0.652292 0.720906 0.396361
0 0.483352 0.651340 0.724141 0.398264
0 0.482273 0.649424 0.726297 0.402097
0 0.482812 0.650479 0.729531 0.400375
0 0.482812 0.647507 0.729531 0.405931
0 0.483348 0.645687 0.732758 0.409958
0 0.484965 0.650479 0.733836 0.408042
0 0.486582 0.644632 0.739227 0.411681
0 0.483348 0.646646 0.737070 0.415708
0 0.484430 0.644729 0.743531 0.411875
0 0.484969 0.643681 0.742453 0.402111
0 0.486047 0.645590 0.748922 0.405931
0 0.486047 0.641854 0.748922 0.413792
0 0.487664 0.641854 0.752156 0.417625
0 0.486047 0.644729 0.748922 0.411875
0 0.487121 0.641854 0.755383 0.421458
0 0.488199 0.645687 0.757539 0.417625
0 0.490355 0.643771 0.761852 0.421458
0 0.490840 0.642813 0.764977 0.427208
0 0.491973 0.640896 0.765086 0.423375
0 0.491973 0.639944 0.765086 0.429111
0 0.491973 0.643674 0.769398 0.428931
0 0.492512 0.641861 0.772633 0.432944
0 0.494129 0.638986 0.771555 0.431028
0 0.493586 0.637069 0.779094 0.434861
0 0.494125 0.638028 0.780172 0.432944
0 0.493586 0.640903 0.783406 0.434861
0 0.494664 0.640903 0.781250 0.434861
0 0.495742 0.638028 0.785562 0.432944
0 0.495742 0.637069 0.787719 0.438694
0 0.496820 0.638028 0.794188 0.440611
0 0.496285 0.638028 0.795258 0.432944
0 0.496820 0.637069 0.794188 0.434861
0 0.498973 0.636111 0.798492 0.436778
0 0.496820 0.638889 0.802797 0.438500
0 0.498437 0.631319 0.803875 0.450194
0 0.498977 0.634194 0.809266 0.444444
0 0.500594 0.632278 0.808188 0.448278
0 0.497359 0.634194 0.812500 0.452111
0 0.500594 0.631319 0.814656 0.450194
0 0.500055 0.632278 0.817891 0.455944
0 0.498977 0.630361 0.820047 0.455944
0 0.499516 0.631319 0.823281 0.457861
0 0.499512 0.628444 0.827586 0.459778
0 0.500590 0.623660 0.829742 0.473181
0 0.499512 0.629403 0.827586 0.461694
0 0.500594 0.626535 0.836203 0.463597
0 0.500055 0.629410 0.837281 0.469347
0 0.500055 0.629410 0.837281 0.469347
0 0.499516 0.625576 0.846984 0.469347
0 0.499516 0.629410 0.842672 0.469347
0 0.498437 0.628451 0.846984 0.467431
0 0.499516 0.625479 0.851297 0.476819
0 0.500590 0.626535 0.855602 0.478931
0 0.501129 0.625576 0.856680 0.480847
0 0.500590 0.623660 0.859914 0.477014
0 0.501668 0.622701 0.859914 0.482764
0 0.499512 0.621646 0.862070 0.484486
0 0.500055 0.623660 0.867453 0.484681
0 0.502211 0.619826 0.869609 0.488514
0 0.502211 0.620785 0.871766 0.486597
0 0.502750 0.624611 0.877156 0.498083
0 0.504363 0.620785 0.878227 0.486597
0 0.504363 0.618771 0.882539 0.490236
0 0.507598 0.621743 0.882539 0.492347
0 0.508137 0.619826 0.887930 0.496181
0 0.511910 0.617910 0.891164 0.492347
0 0.513523 0.617917 0.896547 0.496167
0 0.511367 0.616958 0.896547 0.498083
0 0.514062 0.616958 0.899781 0.501917
0 0.515141 0.614083 0.901937 0.511500
0 0.517297 0.609194 0.908406 0.517444
0 0.518914 0.615042 0.909484 0.505750
0 0.521605 0.613125 0.914867 0.509583
0 0.524840 0.612167 0.917023 0.515333
0 0.525379 0.613125 0.918102 0.505750
0 0.525918 0.613125 0.925648 0.513417
0 0.528609 0.612167 0.924562 0.511500
0 0.529687 0.613118 0.935344 0.517236
0 0.532383 0.613021 0.932109 0.525097
0 0.532383 0.609292 0.934266 0.521083
0 0.532383 0.608146 0.929953 0.522986
0 0.532922 0.608146 0.931031 0.522986
0 0.532625 0.608146 0.934750 0.530653
0 0.532383 0.608146 0.929953 0.530653
0 0.532625 0.609104 0.934750 0.532569
0 0.532383 0.607285 0.934266 0.536208
0 0.532922 0.609285 0.933188 0.528736
0 0.533703 0.607181 0.932594 0.540222
0 0.531844 0.608243 0.931031 0.534292
0 0.531844 0.607285 0.933188 0.536208
0 0.531305 0.607278 0.936422 0.548083
0 0.530227 0.604313 0.938578 0.542153
0 0.531305 0.605264 0.934266 0.544056
0 0.530766 0.605264 0.935344 0.544056
0 0.531547 0.604403 0.936906 0.549611
0 0.530469 0.602583 0.939063 0.553639
0 0.529687 0.602583 0.939656 0.553639
0 0.530469 0.601431 0.939063 0.555556
0 0.529687 0.600667 0.939656 0.557472
0 0.530469 0.601625 0.939063 0.559389
0 0.530469 0.599611 0.939063 0.563028
0 0.530469 0.595882 0.939063 0.567042
0 0.530469 0.595882 0.939063 0.570875
0 0.529391 0.595882 0.941219 0.574708
0 0.530469 0.594826 0.939063 0.572597
0 0.529930 0.594924 0.940141 0.580458
0 0.530469 0.593007 0.939063 0.584292
0 0.530469 0.592049 0.939063 0.578542
0 0.530469 0.589174 0.939063 0.588125
0 0.529391 0.589174 0.941219 0.591958
0 0.526453 0.588215 0.941812 0.593875
0 0.528852 0.588215 0.942297 0.593875
0 0.529391 0.590132 0.941219 0.601542
0 0.528312 0.588215 0.943375 0.597708
0 0.528312 0.585347 0.943375 0.603444
0 0.526992 0.585347 0.945047 0.607278
0 0.525379 0.584292 0.948273 0.605167
0 0.525621 0.583431 0.948758 0.618778
0 0.524543 0.583431 0.950914 0.618778
0 0.525082 0.577681 0.949836 0.626444
0 0.523465 0.579597 0.953070 0.622611
0 0.522387 0.578639 0.955227 0.628361
0 0.522926 0.580556 0.954148 0.624528
0 0.520230 0.577681 0.959539 0.634111
0 0.522926 0.580556 0.954148 0.632194
0 0.521848 0.578639 0.956305 0.647500
0 0.521848 0.580556 0.956305 0.647500
0 0.520770 0.580556 0.958461 0.643667
0 0.521848 0.576722 0.956305 0.643667
0 0.521848 0.577681 0.956305 0.653250
0 0.520770 0.577681 0.958461 0.645583
0 0.521848 0.576722 0.956305 0.655167
0 0.520770 0.573847 0.958461 0.653250
0 0.520770 0.575764 0.958461 0.657083
0 0.521309 0.573847 0.957383 0.660917
0 0.521309 0.576722 0.957383 0.662833
0 0.520770 0.573847 0.958461 0.660917
0 0.520770 0.573847 0.958461 0.664750
0 0.521848 0.570014 0.956305 0.672417
0 0.521848 0.571931 0.956305 0.676250
0 0.521848 0.571931 0.956305 0.668583
0 0.521848 0.573847 0.956305 0.676250
0 0.524004 0.573847 0.951992 0.680083
0 0.524004 0.571931 0.951992 0.676250
0 0.524543 0.569063 0.950914 0.685819
0 0.526156 0.568007 0.947688 0.683708
0 0.525621 0.568104 0.948758 0.687736
0 0.526695 0.566187 0.946609 0.691569
0 0.528312 0.564271 0.943375 0.695403
0 0.528312 0.563313 0.943375 0.697319
0 0.530469 0.562354 0.939063 0.703069
0 0.532625 0.562354 0.934750 0.710736
0 0.532086 0.562354 0.935828 0.703069
0 0.534777 0.561396 0.930445 0.704986
0 0.534777 0.557569 0.930445 0.712639
0 0.536934 0.558528 0.926133 0.714556
0 0.539090 0.559486 0.921820 0.716472
0 0.540707 0.554694 0.918586 0.718389
0 0.539090 0.556611 0.921820 0.718389
0 0.542859 0.553736 0.914281 0.720306
0 0.542859 0.555653 0.914281 0.724139
0 0.545016 0.552778 0.909969 0.729889
0 0.546094 0.552778 0.907813 0.726056
0 0.548250 0.554694 0.903500 0.737556
0 0.546633 0.551819 0.906734 0.731806
0 0.550402 0.548944 0.899195 0.737556
0 0.550402 0.548944 0.899195 0.737556
0 0.553637 0.547993 0.892727 0.747125
0 0.556871 0.544160 0.886258 0.754792
0 0.557406 0.543201 0.885188 0.752875
0 0.556871 0.545118 0.886258 0.756708
0 0.559562 0.541285 0.880875 0.756708
0 0.560641 0.552778 0.878719 0.745222
0 0.564414 0.562361 0.871172 0.718389
0 0.562258 0.577681 0.875484 0.699222
0 0.564953 0.590139 0.870094 0.670500
0 0.566027 0.593007 0.867945 0.664764
0 0.568184 0.600674 0.863633 0.645597
0 0.569801 0.611208 0.860398 0.624528
0 0.570879 0.623660 0.858242 0.603458
0 0.573570 0.636104 0.852859 0.582375
0 0.574109 0.648375 0.851781 0.557472
0 0.573570 0.643681 0.852859 0.559194
0 0.574648 0.654306 0.850703 0.545972
0 0.575727 0.655264 0.848547 0.547889
0 0.576266 0.659007 0.847469 0.543875
0 0.574648 0.659007 0.850703 0.543875
0 0.572496 0.657083 0.855008 0.548083
0 0.572496 0.657083 0.855008 0.548083
0 0.568723 0.653347 0.862555 0.551722
0 0.565488 0.656132 0.869023 0.549625
0 0.561719 0.653347 0.876563 0.551722
0 0.557406 0.654306 0.885188 0.553639
0 0.552559 0.653250 0.894883 0.559194
0 0.551480 0.656125 0.897039 0.564944
0 0.545016 0.652389 0.909969 0.561306
0 0.538012 0.652396 0.923977 0.568958
0 0.529930 0.648562 0.940141 0.568958
0 0.522387 0.649521 0.955227 0.570875
0 0.514305 0.646451 0.971391 0.580458
0 0.514305 0.644729 0.971391 0.580458
0 0.503527 0.639938 0.992945 0.590042
0 0.500000 0.642625 1.000000 0.591944
0 0.500000 0.638792 1.000000 0.591944
0 0.500000 0.635917 1.000000 0.597694
0 0.500000 0.634194 1.000000 0.597694
0 0.500000 0.637069 1.000000 0.603444
0 0.500000 0.620785 1.000000 0.636014
0 0.500000 0.609292 1.000000 0.662833
0 0.500590 0.581514 0.989227 0.706889
0 0.501914 0.568007 0.996172 0.741181
0 0.501914 0.535535 0.996172 0.802681
0 0.502453 0.547028 0.995094 0.787361
0 0.502988 0.529785 0.994023 0.818014
0 0.499516 0.504882 0.995687 0.867819
