0 0.626492 0.472965 0.043656 0.201986
0 0.619496 0.464014 0.049820 0.190056
0 0.609703 0.474458 0.064922 0.214917
0 0.612500 0.480931 0.058203 0.223889
0 0.613617 0.473958 0.050375 0.205972
0 0.612777 0.485403 0.048695 0.232833
0 0.603543 0.477451 0.058211 0.224875
0 0.600746 0.470979 0.071648 0.215931
0 0.597387 0.470479 0.073883 0.212931
0 0.595430 0.479931 0.066609 0.223889
0 0.595148 0.484910 0.052609 0.229847
0 0.596551 0.484910 0.054289 0.231847
0 0.590672 0.481924 0.050375 0.231847
0 0.582277 0.471972 0.064930 0.205972
0 0.585633 0.479438 0.068281 0.230847
0 0.590672 0.484410 0.059328 0.230847
0 0.592348 0.482917 0.048133 0.231833
0 0.593473 0.483410 0.051492 0.230847
0 0.587031 0.476451 0.065484 0.228847
0 0.588992 0.463021 0.068281 0.219903
0 0.589832 0.471972 0.071086 0.233833
0 0.588992 0.477444 0.068281 0.228861
0 0.591230 0.480931 0.050367 0.239806
0 0.592070 0.482417 0.052047 0.250750
0 0.581996 0.472972 0.050930 0.227861
0 0.578637 0.467500 0.061008 0.216917
0 0.583398 0.475951 0.059328 0.237819
0 0.581438 0.476951 0.055406 0.241792
0 0.581719 0.477938 0.050375 0.241792
0 0.580316 0.477944 0.050930 0.245778
0 0.581156 0.468986 0.062688 0.231833
0 0.580035 0.464014 0.070523 0.223889
0 0.581438 0.474458 0.063250 0.248750
0 0.579195 0.475451 0.062125 0.252736
0 0.582273 0.476451 0.050375 0.252736
0 0.583398 0.474958 0.047016 0.251750
0 0.574437 0.467493 0.066047 0.236819
0 0.573879 0.468486 0.067164 0.238806
0 0.584512 0.472965 0.051492 0.245764
0 0.585352 0.477444 0.040859 0.260694
0 0.585914 0.472472 0.050938 0.260694
0 0.586477 0.472472 0.049813 0.254722
0 0.587594 0.460535 0.063250 0.230847
0 0.588711 0.467493 0.067719 0.246764
0 0.592910 0.466000 0.053727 0.249750
0 0.593750 0.467000 0.047578 0.259694
0 0.586195 0.461028 0.050375 0.253722
0 0.585637 0.461528 0.048133 0.254722
0 0.572762 0.450583 0.063805 0.232833
0 0.588434 0.458542 0.053727 0.244778
0 0.574992 0.455056 0.073891 0.265667
0 0.583113 0.463514 0.048695 0.264667
0 0.586195 0.454562 0.059328 0.256708
0 0.586191 0.455056 0.058211 0.255722
0 0.589832 0.441125 0.054289 0.225861
0 0.592629 0.454063 0.048695 0.251736
0 0.588430 0.459535 0.047016 0.268653
0 0.587313 0.457549 0.041422 0.264681
0 0.575840 0.449583 0.059883 0.256722
0 0.575000 0.449090 0.062688 0.253736
0 0.567723 0.449590 0.081711 0.252736
0 0.575277 0.453069 0.085633 0.265667
0 0.576680 0.462021 0.071641 0.275625
0 0.583957 0.458042 0.051492 0.275611
0 0.583395 0.449590 0.080602 0.252736
0 0.586195 0.450583 0.078359 0.256722
0 0.585633 0.451076 0.081719 0.251736
0 0.586195 0.461028 0.085078 0.267667
0 0.595707 0.467993 0.069398 0.275625
0 0.599906 0.461028 0.057656 0.263694
0 0.594871 0.455062 0.073320 0.257708
0 0.593750 0.453069 0.069969 0.259694
0 0.592629 0.452076 0.088992 0.257708
0 0.603824 0.456549 0.083398 0.264681
0 0.598508 0.458042 0.069406 0.279611
0 0.599906 0.456556 0.058766 0.272639
0 0.594309 0.446104 0.077805 0.251736
0 0.594590 0.448090 0.086195 0.253736
0 0.590953 0.435160 0.084516 0.235819
0 0.588711 0.453562 0.086750 0.268653
0 0.594867 0.462028 0.075562 0.277611
0 0.596270 0.462028 0.051492 0.283583
0 0.579758 0.455056 0.069969 0.265667
0 0.580598 0.451076 0.072758 0.263681
0 0.578918 0.453069 0.088430 0.267667
0 0.582836 0.456056 0.085078 0.273639
0 0.583395 0.461528 0.063805 0.284583
0 0.585914 0.461528 0.069969 0.282583
0 0.581434 0.458535 0.080039 0.274625
0 0.580039 0.458542 0.080594 0.270639
0 0.577238 0.455556 0.081711 0.266667
0 0.581996 0.465007 0.082273 0.279597
0 0.588992 0.468493 0.064922 0.296514
0 0.594590 0.470479 0.069398 0.292542
0 0.586754 0.469986 0.100742 0.289556
0 0.583953 0.460035 0.099625 0.267653
0 0.580875 0.460535 0.102422 0.274625
0 0.585914 0.472965 0.072203 0.287569
0 0.587871 0.475458 0.051492 0.282583
0 0.586191 0.466007 0.079477 0.263681
0 0.581719 0.466500 0.087312 0.266667
0 0.580598 0.466000 0.092914 0.261694
0 0.584793 0.472465 0.095711 0.280597
0 0.589551 0.481431 0.082836 0.288556
0 0.588152 0.484410 0.054289 0.288569
0 0.582836 0.460028 0.077234 0.239806
0 0.586195 0.475951 0.083953 0.267653
0 0.585633 0.479931 0.080594 0.277611
0 0.585348 0.484903 0.094602 0.277611
0 0.589828 0.491382 0.068844 0.291542
0 0.593750 0.484410 0.062125 0.284569
0 0.592070 0.460528 0.080031 0.238806
0 0.588152 0.469979 0.088992 0.257708
0 0.586461 0.467993 0.089016 0.267653
0 0.586473 0.470979 0.075555 0.273625
0 0.583113 0.462021 0.064367 0.259708
0 0.583395 0.457049 0.049258 0.253736
0 0.582836 0.443618 0.053734 0.236819
0 0.573602 0.458542 0.075563 0.272639
0 0.576402 0.455062 0.073320 0.263681
0 0.579199 0.458042 0.073320 0.279611
0 0.574719 0.463014 0.055406 0.287556
0 0.566883 0.457042 0.043094 0.277611
0 0.563527 0.444111 0.078914 0.247750
0 0.552891 0.453569 0.099063 0.260694
0 0.552891 0.451576 0.102422 0.262681
0 0.549254 0.464514 0.107461 0.272639
0 0.546176 0.454562 0.066602 0.248764
0 0.559887 0.468493 0.053727 0.280597
0 0.564926 0.474951 0.053727 0.291542
0 0.548695 0.464014 0.097391 0.271639
0 0.551492 0.455549 0.102984 0.252736
0 0.561008 0.465507 0.107469 0.268653
0 0.564926 0.467500 0.068289 0.272639
0 0.580039 0.472472 0.047016 0.282583
0 0.574441 0.476444 0.063805 0.294528
0 0.578637 0.468493 0.097945 0.274625
0 0.579758 0.464014 0.100188 0.267667
0 0.580316 0.457549 0.106898 0.258708
0 0.587875 0.467993 0.075000 0.279597
0 0.595148 0.465007 0.055969 0.279597
0 0.594867 0.453069 0.086750 0.265667
0 0.587590 0.451576 0.101305 0.278597
0 0.587031 0.452076 0.102422 0.279597
0 0.590391 0.444611 0.106906 0.288556
0 0.594031 0.436653 0.078359 0.278611
0 0.598227 0.433167 0.062125 0.277611
0 0.588434 0.422715 0.077242 0.258708
0 0.592629 0.428687 0.091227 0.274625
0 0.589832 0.424208 0.087867 0.267667
0 0.589832 0.418736 0.075555 0.250750
0 0.580039 0.431674 0.094031 0.268653
0 0.580316 0.439139 0.062133 0.279611
0 0.582277 0.426701 0.077242 0.248764
0 0.575840 0.429181 0.088992 0.249750
0 0.572480 0.429681 0.092352 0.248750
0 0.576680 0.438639 0.105219 0.260694
0 0.572762 0.444611 0.089555 0.270639
0 0.569684 0.450083 0.058773 0.271639
0 0.569402 0.447097 0.062680 0.263694
0 0.565766 0.444611 0.072203 0.248750
0 0.567160 0.442625 0.082836 0.238806
0 0.552609 0.449083 0.106344 0.243778
0 0.548973 0.456049 0.101305 0.257708
0 0.543375 0.461528 0.053172 0.260694
0 0.540297 0.455056 0.066047 0.239806
0 0.539180 0.450583 0.062688 0.232833
0 0.540859 0.451076 0.062688 0.221903
0 0.519031 0.458542 0.108578 0.242778
0 0.519031 0.458535 0.102984 0.252736
0 0.514273 0.463514 0.059891 0.254722
0 0.526867 0.455062 0.055969 0.241792
0 0.506715 0.453062 0.096273 0.229847
0 0.502238 0.455056 0.087320 0.239806
0 0.499996 0.452569 0.110820 0.236806
0 0.501117 0.454063 0.106344 0.235819
0 0.502520 0.465507 0.082273 0.258708
0 0.506156 0.463014 0.050375 0.265667
0 0.495523 0.450583 0.087312 0.248750
0 0.495801 0.453069 0.086758 0.251750
0 0.487965 0.436653 0.101305 0.232833
0 0.495523 0.431674 0.109703 0.242792
0 0.493844 0.437646 0.077234 0.256708
0 0.493563 0.428687 0.068844 0.242792
0 0.478172 0.425701 0.100750 0.234819
0 0.481250 0.423215 0.102422 0.235819
0 0.467258 0.425208 0.109141 0.227861
0 0.469496 0.427194 0.108023 0.231833
0 0.460262 0.423715 0.063805 0.218903
0 0.466977 0.436646 0.053734 0.241792
0 0.458863 0.431674 0.083398 0.228847
0 0.458863 0.432174 0.082273 0.229847
0 0.451863 0.416250 0.098508 0.200000
0 0.451305 0.426201 0.096266 0.219903
0 0.452703 0.437146 0.078922 0.241792
0 0.452984 0.433167 0.045891 0.239806
0 0.447387 0.434167 0.070523 0.233833
0 0.453266 0.437146 0.082281 0.233819
0 0.439832 0.437146 0.097945 0.231847
0 0.440391 0.440132 0.106906 0.233819
0 0.441230 0.445604 0.101867 0.234819
0 0.440391 0.453562 0.065484 0.242792
0 0.445148 0.452569 0.059328 0.242778
0 0.445430 0.451569 0.055406 0.244778
0 0.434516 0.446104 0.080594 0.239792
0 0.427520 0.442125 0.097945 0.221889
0 0.433676 0.444111 0.110258 0.217917
0 0.434516 0.451576 0.104109 0.220903
0 0.439270 0.458042 0.061008 0.223889
0 0.439273 0.459535 0.065484 0.222875
0 0.441512 0.457042 0.055414 0.227861
0 0.430875 0.444111 0.074437 0.215917
0 0.428078 0.445104 0.102422 0.223875
0 0.431438 0.445104 0.115859 0.219903
0 0.431996 0.449583 0.101305 0.234833
0 0.435914 0.450083 0.101312 0.233833
0 0.440391 0.453562 0.056531 0.246764
0 0.452145 0.451076 0.048695 0.243792
0 0.452703 0.445111 0.078922 0.237806
0 0.459699 0.438139 0.098508 0.221889
0 0.474535 0.438146 0.113617 0.225875
0 0.474254 0.435653 0.117539 0.222889
0 0.487965 0.440625 0.097945 0.227861
0 0.498602 0.446604 0.066609 0.246764
0 0.516512 0.445111 0.048695 0.255722
0 0.517633 0.434160 0.068844 0.239792
0 0.527145 0.426201 0.094586 0.235819
0 0.527426 0.427201 0.091789 0.235819
0 0.541418 0.423708 0.111945 0.232833
0 0.550652 0.428187 0.101305 0.235819
0 0.557371 0.434660 0.064367 0.248764
0 0.561844 0.435660 0.049812 0.246764
0 0.561008 0.431174 0.066047 0.247764
0 0.562125 0.431174 0.066047 0.247764
0 0.558488 0.421729 0.078914 0.230847
0 0.561844 0.418243 0.100188 0.225875
0 0.564086 0.424215 0.093469 0.229847
0 0.557648 0.436646 0.064922 0.240792
0 0.560168 0.438139 0.047570 0.249750
0 0.561285 0.440632 0.048695 0.252736
0 0.556250 0.436646 0.065484 0.246764
0 0.552891 0.434160 0.071078 0.237819
0 0.545055 0.438639 0.091234 0.232833
0 0.542535 0.439639 0.098508 0.226861
0 0.540855 0.450576 0.076117 0.240792
0 0.536379 0.454556 0.082836 0.238806
0 0.537777 0.460528 0.057648 0.250750
0 0.534141 0.467993 0.052609 0.253736
0 0.529102 0.465007 0.068281 0.243792
0 0.528547 0.461528 0.078359 0.228861
0 0.525742 0.464014 0.090672 0.229861
0 0.527426 0.465007 0.088430 0.229847
0 0.523785 0.469979 0.083398 0.231847
0 0.519309 0.473465 0.058773 0.246764
0 0.520430 0.473465 0.050938 0.250736
0 0.511477 0.475451 0.065484 0.264681
0 0.505316 0.463021 0.082273 0.241792
0 0.506156 0.459035 0.086187 0.237819
0 0.503637 0.452569 0.091227 0.230833
0 0.500840 0.455556 0.092352 0.240806
0 0.501398 0.459042 0.082281 0.249750
0 0.496641 0.460528 0.055969 0.256722
0 0.492164 0.456049 0.053734 0.263681
0 0.491324 0.457542 0.055414 0.254722
0 0.486566 0.454063 0.067164 0.263681
0 0.484605 0.440625 0.076680 0.244778
0 0.482367 0.429181 0.078922 0.227861
0 0.485449 0.437146 0.077242 0.241792
0 0.482926 0.442125 0.057648 0.243778
