0 0.565056 0.432878 0.067481 0.044714
0 0.571065 0.434909 0.055407 0.037943
0 0.569856 0.438974 0.048176 0.046073
0 0.569861 0.437617 0.086722 0.054203
0 0.563833 0.436263 0.060222 0.062328
0 0.584315 0.431531 0.101185 0.058292
0 0.579495 0.433552 0.067454 0.046073
0 0.557815 0.429490 0.091537 0.048781
0 0.581903 0.432198 0.091546 0.051490
0 0.575880 0.429490 0.089130 0.054198
0 0.571060 0.429490 0.098769 0.046073
0 0.577019 0.433068 0.066907 0.045167
0 0.577019 0.423187 0.060222 0.046104
0 0.572838 0.429776 0.078620 0.047990
0 0.578690 0.426479 0.076954 0.050813
0 0.586722 0.430622 0.089667 0.060974
0 0.585778 0.424203 0.074722 0.069104
0 0.589370 0.430977 0.077093 0.058266
0 0.585759 0.425560 0.055407 0.055557
0 0.583398 0.426310 0.052278 0.037245
0 0.588625 0.426638 0.058083 0.049661
0 0.586958 0.425560 0.069861 0.042005
0 0.588148 0.422849 0.057778 0.060979
0 0.584556 0.420138 0.084315 0.063682
0 0.585755 0.420138 0.077083 0.060974
0 0.582144 0.418784 0.084306 0.063682
0 0.595394 0.419461 0.077083 0.059620
0 0.602620 0.425560 0.077093 0.071818
0 0.602620 0.424880 0.086722 0.046073
0 0.591778 0.424203 0.084315 0.063687
0 0.589352 0.417427 0.069815 0.052844
0 0.599009 0.422172 0.089130 0.048781
0 0.597977 0.432589 0.056843 0.050875
0 0.596685 0.423138 0.069778 0.058141
0 0.595394 0.423865 0.056843 0.056688
0 0.590222 0.420958 0.077519 0.074135
0 0.579889 0.424591 0.082685 0.058141
0 0.599269 0.422414 0.090444 0.068318
0 0.597977 0.419505 0.077528 0.059594
0 0.587644 0.419505 0.087861 0.062500
0 0.590218 0.423865 0.072343 0.050875
0 0.588931 0.420232 0.074935 0.052328
0 0.586347 0.416599 0.069769 0.053781
0 0.582472 0.425318 0.077519 0.053781
0 0.583764 0.419505 0.074935 0.062500
0 0.582472 0.422411 0.072352 0.047969
0 0.579889 0.420232 0.056852 0.052328
0 0.586347 0.419505 0.080102 0.062500
0 0.581181 0.420232 0.085269 0.052328
0 0.582472 0.425318 0.108537 0.056687
0 0.572134 0.420232 0.082694 0.058141
0 0.577301 0.418052 0.087861 0.053781
0 0.578597 0.422411 0.080102 0.059594
0 0.571366 0.414354 0.054083 0.050031
0 0.571903 0.422437 0.043269 0.036510
0 0.571866 0.422919 0.052083 0.041411
0 0.570801 0.420299 0.080750 0.055516
0 0.579773 0.428880 0.084343 0.060563
0 0.577083 0.425852 0.078963 0.050474
0 0.569588 0.416776 0.061065 0.049771
0 0.569310 0.427935 0.095639 0.059599
0 0.561542 0.424302 0.085269 0.066865
0 0.566708 0.422122 0.085269 0.068318
0 0.575736 0.424302 0.098157 0.066865
0 0.575755 0.426482 0.113694 0.062505
0 0.560250 0.426482 0.082685 0.056693
0 0.560250 0.425026 0.087852 0.053781
0 0.552495 0.423573 0.093028 0.050875
0 0.552495 0.426484 0.077528 0.053781
0 0.559259 0.427604 0.120370 0.083333
0 0.551292 0.424938 0.064306 0.063292
0 0.547111 0.426701 0.066759 0.053297
0 0.551417 0.429729 0.075370 0.054510
0 0.541727 0.425487 0.086139 0.070255
0 0.550343 0.433362 0.073222 0.064203
0 0.537421 0.425490 0.077528 0.041188
0 0.539579 0.429122 0.094750 0.048453
0 0.548190 0.425487 0.107676 0.048453
0 0.535273 0.428518 0.094750 0.044818
0 0.536343 0.428518 0.083981 0.056932
0 0.537421 0.424883 0.111972 0.056932
0 0.528810 0.430937 0.073213 0.064198
0 0.525579 0.435784 0.071065 0.071464
0 0.533116 0.426701 0.090435 0.058141
0 0.521273 0.429122 0.088287 0.062984
0 0.527731 0.427911 0.092593 0.070250
0 0.533116 0.432151 0.094750 0.059354
0 0.528806 0.433969 0.099056 0.072677
0 0.528810 0.431544 0.086139 0.065411
0 0.527731 0.425487 0.101204 0.070255
0 0.527731 0.426096 0.092593 0.066620
0 0.530963 0.425490 0.103370 0.067833
0 0.529870 0.423078 0.101185 0.072698
0 0.533116 0.426094 0.099065 0.054510
0 0.529884 0.430333 0.092602 0.065406
0 0.516968 0.426094 0.096898 0.069042
0 0.532037 0.421247 0.075370 0.061776
0 0.522347 0.426701 0.086139 0.048453
0 0.512662 0.421250 0.088287 0.056927
0 0.527731 0.426701 0.092593 0.062984
0 0.516968 0.423672 0.092602 0.052083
0 0.526657 0.425490 0.090444 0.060563
0 0.525579 0.427911 0.092602 0.067833
0 0.520194 0.420039 0.090444 0.056932
0 0.529884 0.428516 0.109824 0.069042
0 0.515889 0.427911 0.103370 0.067833
0 0.522347 0.429122 0.103361 0.067828
0 0.514810 0.429122 0.101213 0.070255
0 0.518042 0.426094 0.077528 0.064198
0 0.514810 0.428516 0.101213 0.076312
0 0.519120 0.427911 0.096907 0.084792
0 0.510782 0.420211 0.086194 0.058411
0 0.519120 0.424742 0.095111 0.071672
0 0.519120 0.429789 0.105870 0.071672
0 0.519120 0.428781 0.105870 0.071667
0 0.516431 0.423732 0.086139 0.055516
0 0.511046 0.426760 0.114852 0.083781
0 0.522708 0.426760 0.098694 0.073688
0 0.516426 0.427266 0.078963 0.058542
0 0.519116 0.430797 0.102287 0.063594
0 0.517329 0.432312 0.102287 0.080750
0 0.515532 0.423227 0.120231 0.076714
0 0.520912 0.430797 0.123824 0.071667
0 0.509250 0.423229 0.118444 0.072677
0 0.517324 0.428779 0.113056 0.079745
0 0.516028 0.427948 0.142759 0.072021
0 0.513583 0.431044 0.124037 0.083724
0 0.525986 0.441513 0.136435 0.118609
0 0.530639 0.440638 0.158148 0.099422
0 0.524435 0.431919 0.139537 0.092443
0 0.523037 0.438112 0.152463 0.111922
0 0.513088 0.439904 0.133509 0.092057
0 0.503398 0.432029 0.135667 0.083578
0 0.514162 0.435057 0.139972 0.082365
0 0.516319 0.438693 0.135657 0.084792
0 0.505551 0.438690 0.131361 0.087214
0 0.496940 0.437479 0.131361 0.077521
0 0.508782 0.441115 0.137824 0.087208
0 0.509861 0.441115 0.135667 0.079948
0 0.481866 0.433846 0.131361 0.092057
0 0.498014 0.447172 0.124898 0.067833
0 0.494069 0.443344 0.099694 0.054677
0 0.485111 0.440534 0.126519 0.085818
0 0.481394 0.446815 0.148843 0.094193
0 0.481394 0.445768 0.141398 0.104651
0 0.505583 0.457279 0.189778 0.119307
0 0.516741 0.453094 0.234426 0.102562
0 0.470231 0.448906 0.171167 0.102562
0 0.485116 0.457281 0.193491 0.110937
0 0.509301 0.455188 0.212102 0.106750
0 0.485116 0.468792 0.193491 0.163260
0 0.442324 0.460419 0.189778 0.142328
0 0.425574 0.440536 0.178611 0.098375
0 0.464648 0.445768 0.174889 0.092099
0 0.486972 0.467745 0.249315 0.131865
0 0.462796 0.446802 0.186074 0.102542
0 0.470231 0.463560 0.163722 0.098380
0 0.483255 0.475070 0.256750 0.121401
0 0.459065 0.462513 0.171167 0.121401
0 0.449764 0.457281 0.174898 0.102563
0 0.449769 0.469839 0.182333 0.110937
0 0.455347 0.461466 0.193491 0.131870
0 0.438602 0.468792 0.189778 0.100469
0 0.459069 0.464607 0.200935 0.117214
0 0.468370 0.472979 0.204667 0.129771
0 0.443519 0.472396 0.138889 0.119792
0 0.429630 0.461979 0.166667 0.109375
0 0.438796 0.472122 0.157630 0.074130
0 0.440861 0.473141 0.118870 0.075583
0 0.434403 0.465872 0.142120 0.090120
0 0.451204 0.484044 0.196389 0.103203
0 0.422773 0.478227 0.222231 0.143901
0 0.438278 0.476047 0.180889 0.101750
0 0.420190 0.481862 0.149880 0.101745
0 0.417606 0.488404 0.160213 0.117734
0 0.418898 0.489130 0.142130 0.122094
0 0.448620 0.486951 0.186056 0.109016
0 0.430528 0.492763 0.217056 0.138089
0 0.430528 0.483318 0.196389 0.104656
0 0.409856 0.484771 0.175713 0.110469
0 0.416315 0.484771 0.178296 0.110469
0 0.411148 0.486951 0.173130 0.111922
0 0.407273 0.484042 0.160213 0.117740
0 0.416315 0.489857 0.209315 0.126464
0 0.418898 0.492763 0.204148 0.117734
0 0.396935 0.484771 0.175722 0.113375
0 0.393056 0.488404 0.162796 0.111922
0 0.394352 0.477503 0.170556 0.095932
0 0.396935 0.484044 0.155037 0.103203
0 0.394352 0.489130 0.201556 0.116281
0 0.420190 0.498578 0.227398 0.143906
0 0.374972 0.485497 0.167963 0.106109
0 0.387907 0.478224 0.204185 0.120635
0 0.384014 0.482591 0.201565 0.109016
0 0.359468 0.481862 0.178306 0.110474
0 0.363338 0.485497 0.160213 0.103203
0 0.368509 0.477503 0.165389 0.087214
0 0.368509 0.478229 0.186056 0.094479
0 0.384014 0.492766 0.206731 0.120646
0 0.378843 0.479682 0.196389 0.103198
0 0.378847 0.481135 0.222231 0.129365
0 0.377551 0.478956 0.193806 0.110474
0 0.387889 0.479682 0.214481 0.103198
0 0.401366 0.482206 0.244343 0.122974
0 0.411009 0.480396 0.250778 0.133823
0 0.411009 0.471354 0.289352 0.122979
0 0.388505 0.469547 0.244343 0.126594
0 0.417440 0.480396 0.237917 0.133823
0 0.420653 0.482206 0.192898 0.159141
0 0.439944 0.476779 0.295778 0.126589
0 0.446370 0.485820 0.231481 0.108505
0 0.462449 0.489438 0.225046 0.144677
0 0.417440 0.465927 0.225046 0.148292
0 0.478523 0.469544 0.282917 0.119359
0 0.439944 0.476779 0.231481 0.141057
0 0.436731 0.485820 0.199333 0.137443
0 0.465019 0.464122 0.257204 0.122974
0 0.443157 0.476779 0.250778 0.155526
0 0.439944 0.465930 0.244333 0.126589
0 0.459236 0.487630 0.244343 0.112125
0 0.488167 0.489440 0.237907 0.108505
0 0.459236 0.482203 0.244343 0.130208
0 0.478523 0.494865 0.321509 0.162760
0 0.491384 0.484016 0.295787 0.162760
0 0.472093 0.484013 0.270056 0.184464
0 0.449593 0.473161 0.289352 0.177229
0 0.446370 0.460505 0.257204 0.180844
0 0.504245 0.480396 0.295787 0.191698
0 0.494597 0.469547 0.250769 0.148292
0 0.465662 0.473161 0.308639 0.177229
0 0.494597 0.474971 0.250769 0.173609
0 0.488171 0.474971 0.250769 0.173609
0 0.510671 0.478589 0.270065 0.180844
0 0.481741 0.471354 0.237907 0.173615
0 0.481741 0.474971 0.263630 0.180849
0 0.481741 0.474971 0.237907 0.173609
0 0.497815 0.456885 0.257204 0.166375
0 0.513889 0.462312 0.366519 0.198927
0 0.484954 0.467737 0.218630 0.159141
0 0.497810 0.467737 0.244343 0.166380
0 0.475310 0.464120 0.237917 0.217010
0 0.478523 0.456885 0.270065 0.180844
0 0.462449 0.464120 0.276491 0.180844
0 0.463477 0.463971 0.216880 0.116839
0 0.468060 0.464831 0.226046 0.111682
0 0.462449 0.462310 0.302213 0.169995
0 0.456019 0.469544 0.276500 0.155526
0 0.488167 0.469547 0.289352 0.177229
0 0.439940 0.453271 0.244343 0.180844
0 0.449588 0.467740 0.212194 0.195312
0 0.452801 0.473164 0.270065 0.184464
0 0.439944 0.467737 0.270056 0.173609
0 0.430301 0.453271 0.212194 0.195312
0 0.456019 0.469544 0.263630 0.169995
0 0.425796 0.463760 0.212185 0.177229
0 0.470806 0.478227 0.199333 0.206161
0 0.435444 0.461951 0.205759 0.188078
0 0.461162 0.474609 0.308639 0.249562
0 0.432227 0.474609 0.276491 0.198927
0 0.419366 0.458333 0.276491 0.224250
0 0.425796 0.460143 0.315074 0.220630
0 0.417389 0.461258 0.256759 0.180005
0 0.420241 0.448313 0.269778 0.170937
0 0.423343 0.465755 0.275981 0.205823
0 0.406287 0.435232 0.254278 0.165703
0 0.404736 0.457909 0.244972 0.200589
0 0.383333 0.454688 0.296296 0.244792
0 0.436370 0.448490 0.316296 0.270010
0 0.412037 0.457031 0.277778 0.230031
0 0.427472 0.459203 0.324074 0.260417
0 0.409722 0.466654 0.347222 0.267651
0 0.409722 0.455802 0.321500 0.231479
0 0.412935 0.468461 0.353648 0.264036
0 0.396861 0.455802 0.385796 0.260417
0 0.451514 0.459417 0.392231 0.274885
0 0.403292 0.473885 0.398657 0.289354
0 0.438657 0.470268 0.417944 0.282120
0 0.422583 0.477503 0.437241 0.296589
0 0.461162 0.461227 0.385806 0.278505
0 0.422579 0.479312 0.475824 0.321906
0 0.454736 0.468461 0.475824 0.285734
0 0.477241 0.459419 0.430815 0.296589
0 0.451519 0.466654 0.443667 0.303818
0 0.441870 0.459419 0.514407 0.303818
0 0.474023 0.470268 0.514398 0.296589
0 0.470806 0.455802 0.430815 0.289354
0 0.496528 0.455802 0.559407 0.311052
0 0.506171 0.455802 0.655861 0.361687
0 0.477880 0.456888 0.552981 0.332755
0 0.477236 0.461227 0.675157 0.343609
0 0.499745 0.475695 0.655861 0.336370
0 0.502958 0.453992 0.572269 0.350839
0 0.480454 0.481120 0.630148 0.376156
0 0.515815 0.501013 0.726593 0.408714
0 0.546514 0.502281 0.740491 0.376760
0 0.567259 0.501013 0.829481 0.415943
0 0.538319 0.520906 0.797324 0.419563
0 0.538319 0.508245 0.797324 0.408708
