0 0.540849 0.551250 0.119637 0.660000
0 0.539456 0.556198 0.116850 0.666562
0 0.534350 0.556969 0.115937 0.651813
0 0.536622 0.555240 0.115094 0.661896
0 0.542160 0.555240 0.122471 0.661896
0 0.534819 0.559448 0.111300 0.653479
0 0.536212 0.556969 0.110363 0.648521
0 0.537114 0.561094 0.099286 0.656771
0 0.529731 0.546250 0.115902 0.679875
0 0.536616 0.562656 0.116932 0.673438
0 0.534350 0.556146 0.106663 0.650167
0 0.536686 0.542948 0.107564 0.689771
0 0.536593 0.560937 0.109485 0.663542
0 0.541294 0.556146 0.103899 0.660083
0 0.540340 0.567656 0.109485 0.683229
0 0.535275 0.559448 0.106663 0.643563
0 0.539912 0.562740 0.097389 0.660062
0 0.538548 0.574302 0.103934 0.636937
0 0.537137 0.567698 0.099239 0.663354
0 0.536212 0.565219 0.110363 0.655104
0 0.537594 0.566052 0.102026 0.660062
0 0.537137 0.552021 0.106663 0.688125
0 0.535697 0.574219 0.120667 0.647021
0 0.529713 0.558625 0.160457 0.678208
0 0.521341 0.560250 0.162354 0.661750
0 0.510240 0.552844 0.177155 0.669979
0 0.512553 0.576760 0.198478 0.648521
0 0.502336 0.562760 0.192963 0.653438
0 0.489368 0.552844 0.207752 0.676562
0 0.491710 0.557771 0.201218 0.660125
0 0.501429 0.560271 0.181780 0.641917
0 0.508407 0.552844 0.164122 0.656771
0 0.506054 0.551219 0.172529 0.669937
0 0.512512 0.541219 0.202283 0.676729
0 0.498583 0.543688 0.168876 0.661875
0 0.509251 0.513958 0.169789 0.645417
0 0.520363 0.559375 0.166066 0.680000
0 0.520902 0.538000 0.161382 0.683167
0 0.520433 0.544573 0.147424 0.630396
0 0.521364 0.550365 0.125211 0.651813
0 0.519461 0.556063 0.140141 0.643750
0 0.512559 0.542948 0.102026 0.640271
0 0.505550 0.556937 0.112319 0.622375
0 0.510650 0.544500 0.129941 0.623917
0 0.512043 0.535438 0.149426 0.622292
0 0.496329 0.542115 0.160457 0.635312
0 0.498642 0.541292 0.148407 0.617167
0 0.485211 0.541458 0.190094 0.635333
0 0.485211 0.540469 0.214215 0.615521
0 0.488443 0.550365 0.220749 0.632021
0 0.491686 0.552021 0.217963 0.628708
0 0.499555 0.542938 0.185527 0.653458
0 0.501434 0.522323 0.133548 0.701313
0 0.501423 0.525615 0.129848 0.648521
0 0.497717 0.533865 0.126136 0.648521
0 0.509262 0.546156 0.119742 0.627229
0 0.494930 0.549542 0.131710 0.633667
0 0.493542 0.547896 0.140059 0.633667
0 0.488443 0.558625 0.144684 0.638625
0 0.484268 0.572646 0.151183 0.650167
0 0.473132 0.575948 0.151183 0.676562
0 0.492149 0.582552 0.122424 0.706271
0 0.492611 0.580073 0.101101 0.707937
0 0.489830 0.594104 0.108513 0.683167
0 0.493993 0.595750 0.103911 0.669958
0 0.479163 0.599875 0.113150 0.668333
0 0.474526 0.603177 0.120574 0.681521
0 0.480047 0.606396 0.115105 0.658583
0 0.481903 0.607219 0.129941 0.673438
0 0.480509 0.599792 0.095632 0.675083
0 0.478700 0.589146 0.091827 0.679875
0 0.481030 0.580896 0.116862 0.712875
0 0.474069 0.566052 0.115937 0.719479
0 0.475451 0.538000 0.111300 0.775583
0 0.470351 0.555323 0.084403 0.731021
0 0.469426 0.541292 0.125222 0.742583
0 0.460615 0.548719 0.122424 0.724438
0 0.470351 0.557760 0.121499 0.703021
0 0.472676 0.556146 0.111300 0.666667
0 0.467570 0.566823 0.123361 0.645312
0 0.463858 0.547896 0.123361 0.620458
0 0.465720 0.536344 0.123361 0.613854
0 0.470820 0.540469 0.107588 0.592396
0 0.468501 0.534635 0.112225 0.584063
0 0.471745 0.540469 0.109438 0.582521
0 0.481481 0.557802 0.089965 0.580854
0 0.469889 0.547073 0.103876 0.559396
0 0.473601 0.552021 0.111300 0.546208
0 0.469397 0.549542 0.106710 0.551167
0 0.475872 0.558542 0.119731 0.549667
0 0.469889 0.561094 0.113150 0.544562
0 0.473601 0.538813 0.122424 0.582500
0 0.469889 0.556146 0.135422 0.574250
0 0.464315 0.560271 0.137295 0.622125
0 0.455978 0.555292 0.137272 0.615583
0 0.457371 0.552021 0.151183 0.625417
0 0.463864 0.537167 0.138197 0.655125
0 0.455966 0.552854 0.159496 0.636958
0 0.467108 0.525615 0.155808 0.684812
0 0.481950 0.536312 0.144696 0.660125
0 0.480094 0.542125 0.133560 0.658417
0 0.479643 0.536344 0.110340 0.683188
0 0.474988 0.550365 0.110375 0.651813
0 0.474988 0.554500 0.128923 0.633667
0 0.470351 0.571823 0.140047 0.638604
0 0.471282 0.575125 0.160457 0.645208
0 0.462939 0.568521 0.173443 0.678208
0 0.472213 0.565219 0.156745 0.701313
0 0.479163 0.577604 0.155820 0.636958
0 0.457371 0.560271 0.177155 0.698000
0 0.469889 0.569344 0.185492 0.673271
0 0.474532 0.582552 0.174356 0.640271
0 0.468033 0.577760 0.153958 0.665021
0 0.454139 0.571823 0.198443 0.668313
0 0.447160 0.554490 0.240222 0.693063
0 0.441130 0.550375 0.205913 0.704625
0 0.440217 0.526438 0.198466 0.742583
0 0.459210 0.542938 0.199450 0.712875
0 0.453642 0.516542 0.166066 0.752458
0 0.455498 0.541250 0.167904 0.716250
0 0.454573 0.549542 0.166054 0.712875
0 0.466200 0.599125 0.198443 0.702833
0 0.455978 0.580240 0.163244 0.643563
0 0.460152 0.590792 0.166019 0.620458
0 0.465205 0.588240 0.165187 0.602479
0 0.459221 0.585844 0.169731 0.643563
0 0.453197 0.578427 0.194778 0.635312
0 0.465205 0.584948 0.189309 0.651979
0 0.468495 0.580073 0.195703 0.641896
0 0.473138 0.585854 0.199415 0.653458
0 0.473162 0.580896 0.188244 0.623750
0 0.480100 0.573469 0.207740 0.648521
0 0.484737 0.585021 0.194766 0.628708
0 0.479602 0.585031 0.197611 0.602313
0 0.477295 0.573469 0.187377 0.618812
0 0.475439 0.572656 0.185539 0.643562
0 0.481487 0.555323 0.164169 0.665021
0 0.481481 0.556146 0.186429 0.699667
0 0.484660 0.560187 0.215222 0.704792
0 0.478238 0.572646 0.237436 0.719458
0 0.475451 0.571823 0.244859 0.727729
0 0.475433 0.571823 0.233770 0.760729
0 0.467570 0.568521 0.221674 0.658417
0 0.473138 0.556146 0.182717 0.660083
0 0.476411 0.574292 0.192869 0.669958
0 0.473601 0.585854 0.191066 0.653458
0 0.480509 0.595667 0.205070 0.686625
0 0.484684 0.579167 0.220843 0.693250
0 0.479122 0.590708 0.222693 0.666833
0 0.479169 0.580896 0.231874 0.683167
0 0.479584 0.575042 0.231042 0.694875
0 0.475907 0.575948 0.206850 0.739271
0 0.476335 0.596490 0.196721 0.711396
0 0.475872 0.594844 0.195796 0.671771
0 0.480076 0.595750 0.194813 0.686458
0 0.483337 0.601531 0.210539 0.648521
0 0.481487 0.579250 0.208689 0.693083
0 0.481019 0.585021 0.226300 0.688125
0 0.482406 0.575146 0.214251 0.714458
0 0.483337 0.562719 0.210539 0.712938
0 0.475919 0.558625 0.212400 0.734333
0 0.482400 0.545417 0.195714 0.740917
0 0.480539 0.541313 0.203091 0.693042
0 0.474526 0.520667 0.198489 0.665000
0 0.474532 0.500865 0.205902 0.698021
0 0.484731 0.531396 0.207752 0.650167
0 0.481019 0.521490 0.198478 0.643562
0 0.490761 0.529750 0.203115 0.633667
0 0.481944 0.516542 0.205902 0.676583
0 0.496786 0.512417 0.202190 0.694708
0 0.498642 0.510771 0.194778 0.678208
0 0.513975 0.507469 0.197506 0.711229
0 0.493981 0.528135 0.196581 0.696271
0 0.512090 0.523969 0.197553 0.688104
0 0.513437 0.538729 0.194859 0.658583
0 0.520386 0.539563 0.197635 0.637125
0 0.522295 0.534687 0.216112 0.617167
0 0.522758 0.544594 0.217037 0.603979
0 0.531101 0.538000 0.196628 0.620458
0 0.529672 0.556063 0.210632 0.620625
0 0.525076 0.536344 0.217951 0.646854
0 0.531557 0.546229 0.219789 0.633708
0 0.523220 0.523969 0.229087 0.661729
0 0.514409 0.512417 0.226311 0.711208
0 0.522758 0.518188 0.224461 0.686458
0 0.522295 0.518188 0.203115 0.683167
0 0.524614 0.523177 0.204052 0.650104
0 0.528788 0.533875 0.177155 0.628708
0 0.523636 0.543677 0.200433 0.618979
0 0.520902 0.543771 0.213326 0.622125
0 0.525544 0.538823 0.200340 0.615521
0 0.529274 0.535510 0.229977 0.668312
0 0.533419 0.531396 0.217963 0.663375
0 0.528326 0.529740 0.224450 0.660062
0 0.532500 0.515719 0.230948 0.688104
0 0.534778 0.522292 0.237471 0.655000
0 0.535281 0.519052 0.253208 0.651896
0 0.539473 0.533052 0.250375 0.679854
0 0.536610 0.520552 0.231932 0.661812
0 0.532494 0.537990 0.227237 0.646854
0 0.537547 0.535438 0.237529 0.642083
0 0.527389 0.522292 0.230000 0.625417
0 0.523220 0.503344 0.232810 0.706271
0 0.526874 0.504938 0.225410 0.676792
0 0.527857 0.495083 0.208689 0.699667
0 0.528770 0.496740 0.197588 0.673271
0 0.519977 0.501687 0.170656 0.656750
0 0.520427 0.503333 0.154906 0.669958
0 0.520884 0.509906 0.163384 0.693146
0 0.520433 0.491792 0.191991 0.696375
0 0.520433 0.518188 0.186534 0.696375
0 0.527787 0.501583 0.193981 0.663583
0 0.522758 0.500042 0.176218 0.679875
0 0.519028 0.508229 0.165222 0.623958
0 0.519514 0.528083 0.171581 0.603958
0 0.524614 0.510760 0.140984 0.589104
0 0.543630 0.533865 0.191991 0.618812
0 0.540843 0.501687 0.210539 0.633667
0 0.532032 0.523969 0.230012 0.608896
0 0.531112 0.547927 0.228173 0.617104
0 0.528788 0.513240 0.229098 0.646854
0 0.521833 0.533010 0.217037 0.613938
0 0.530656 0.525625 0.212365 0.585833
0 0.520439 0.524792 0.216101 0.630375
0 0.529251 0.516542 0.205902 0.673250
0 0.530164 0.527250 0.198454 0.678250
0 0.524637 0.505854 0.172459 0.635375
0 0.534819 0.514062 0.191066 0.691417
0 0.537137 0.526448 0.195703 0.676562
0 0.531569 0.523969 0.217963 0.678229
0 0.538056 0.545427 0.227237 0.665021
0 0.542213 0.528094 0.226347 0.732688
0 0.539912 0.527271 0.204977 0.674917
0 0.542699 0.536344 0.217951 0.686479
0 0.535281 0.552844 0.234660 0.646854
0 0.524614 0.547031 0.231874 0.641979
0 0.532494 0.542125 0.273607 0.721125
0 0.532494 0.539156 0.273607 0.727063
0 0.532494 0.536188 0.273607 0.733000
0 0.532494 0.533219 0.273607 0.738938
0 0.532494 0.530250 0.273607 0.744875
0 0.532494 0.527281 0.273607 0.750812
0 0.532494 0.528917 0.273607 0.747542
0 0.532494 0.530542 0.273607 0.744292
0 0.532494 0.532177 0.273607 0.741021
0 0.532494 0.533802 0.273607 0.737771
0 0.532494 0.535438 0.273607 0.734500
0 0.532494 0.537062 0.273607 0.731250
0 0.532494 0.538698 0.273607 0.727979
0 0.532494 0.540323 0.273607 0.724729
0 0.532494 0.541958 0.273607 0.721458
0 0.532494 0.543583 0.273607 0.718208
0 0.532494 0.545219 0.273607 0.714938
0 0.532494 0.546844 0.273607 0.711688
0 0.532494 0.548479 0.273607 0.708417
0 0.532494 0.550104 0.273607 0.705167
0 0.532494 0.551740 0.273607 0.701896
0 0.532494 0.553365 0.273607 0.698646
0 0.532494 0.555000 0.273607 0.695375
0 0.532494 0.556625 0.273607 0.692125
0 0.532494 0.558260 0.273607 0.688854
0 0.532494 0.559885 0.273607 0.685604
0 0.531388 0.563135 0.263946 0.679104
0 0.530269 0.566385 0.254286 0.672604
0 0.529157 0.569635 0.244614 0.666104
0 0.528044 0.572885 0.234965 0.659604
0 0.526932 0.576135 0.225293 0.653104
0 0.527102 0.574427 0.226803 0.656521
0 0.527283 0.572719 0.228314 0.659938
0 0.527453 0.571010 0.229824 0.663354
0 0.527623 0.569302 0.231335 0.666771
0 0.527804 0.567594 0.232845 0.670188
0 0.527974 0.565885 0.234356 0.673604
0 0.528150 0.564177 0.235855 0.677021
0 0.528326 0.562458 0.237377 0.680458
0 0.528495 0.560750 0.238888 0.683875
0 0.528671 0.559042 0.240386 0.687292
0 0.528847 0.557333 0.241909 0.690708
0 0.529016 0.555625 0.243419 0.694125
0 0.529192 0.553917 0.244918 0.697542
0 0.529368 0.552208 0.246440 0.700958
0 0.529543 0.550500 0.247939 0.704375
0 0.529713 0.548792 0.249450 0.707792
0 0.529883 0.547083 0.250960 0.711208
0 0.530064 0.545375 0.252471 0.714625
0 0.530234 0.543667 0.253981 0.718042
0 0.530404 0.541958 0.255492 0.721458
0 0.530585 0.540250 0.257002 0.724875
0 0.530755 0.538542 0.258513 0.728292
0 0.530931 0.536833 0.260012 0.731708
0 0.531107 0.535115 0.261534 0.735146
0 0.531276 0.533406 0.263044 0.738563
0 0.531452 0.531698 0.264543 0.741979
0 0.531628 0.529990 0.266066 0.745396
0 0.531797 0.528281 0.267576 0.748812
0 0.531973 0.526573 0.269075 0.752229
0 0.532149 0.524865 0.270597 0.755646
0 0.532324 0.523156 0.272096 0.759063
0 0.532494 0.521448 0.273607 0.762479
